9 5 3 
1 2 3 4 5 6 7 8 9 
11
13 14 15 16 17 18 19 20 21 22 23 
11
24 25 26 27 28 29 30 31 32 33 34 
11
35 36 37 38 39 40 41 42 43 44 45 
11
46 47 48 49 50 51 52 53 54 55 56 
11
57 58 59 60 61 62 63 64 65 66 67 
10 11 12 
616
4294967309 -1.0968845769537652 4294967310 3.780239213928371 4294967311 4.099439046886724 4294967312 -2.4129630748098627 4294967313 4.332107925559649 4294967314 3.4899814097774002 4294967315 -0.6540846673813491 4294967316 6.26034880898418 4294967317 6.078081358795512 4294967318 2.037903208588057 4294967319 -0.11885253234398274 8589934605 -2.28058713925701 8589934606 1.9594677940392162 8589934607 2.1169261704609887 8589934608 0.39340982289519344 8589934609 4.902993890543614 8589934610 3.8681352840135355 8589934611 -1.2349413731143397 8589934612 7.55402478582311 8589934613 7.329568850013063 8589934614 1.868428745529437 8589934615 0.9430871764138234 12884901901 -3.2637659108402137 12884901902 -3.1500055753732483 12884901903 -5.777863079101901 12884901904 2.395096234955341 12884901905 2.760990392454304 12884901906 2.9233537331588653 12884901907 -0.456753423493864 12884901908 4.263403092472815 12884901909 4.214503900608978 12884901910 1.0312257544444454 12884901911 1.582412355517849 17179869197 8.73678289327595 17179869198 5.020730838163208 17179869199 5.695670147061697 17179869200 3.2702155885279898 17179869201 3.4601522768172646 17179869202 3.9452457061036394 17179869203 9.021291202707307 17179869204 5.20285780560121 17179869205 5.021985154116703 17179869206 1.1239834564830795 17179869207 4.577395322099548 21474836493 7.9571270377544305 21474836494 2.394978007625594 21474836495 3.738797696164694 21474836496 5.427650040231472 21474836497 4.0141534763921305 21474836498 4.359518018650333 21474836499 8.222975848460667 21474836500 6.452106028077427 21474836501 6.225124879085726 21474836502 0.9636459722743401 21474836503 5.1163231967303835 25769803789 6.61167158280731 25769803790 -3.487507123052756 25769803791 -5.087975651016585 25769803792 7.335646313884667 25769803793 2.0705430207765656 25769803794 3.495751406832995 25769803795 8.544569052664087 25769803796 3.4675274364010256 25769803797 3.4016959311066444 25769803798 0.31151567488340637 25769803799 3.7247112876420365 30064771085 -2.218815673314243 30064771086 3.1426796929272545 30064771087 4.032586236086272 30064771088 -7.93115263529155 30064771089 5.029243377249716 30064771090 3.3714209555985506 30064771091 -6.7839397618977415 30064771092 6.994028047969543 30064771093 6.832383011371286 30064771094 2.212303203738133 30064771095 -4.414936774551618 34359738381 -2.4851596167299617 34359738382 -3.7130828844295958 34359738383 -0.4347223220365541 34359738384 -7.241838474107693 34359738385 5.800243923844442 34359738386 4.021763045081485 34359738387 -8.752710234347761 34359738388 8.501060999904478 34359738389 8.32426235513963 34359738390 2.3719723654010734 34359738391 -7.373565000419979 38654705677 -3.755707476029949 38654705678 -5.326825290024375 38654705679 -6.465960668890036 38654705680 -3.2202076330850864 38654705681 3.3357437579329665 38654705682 2.965328103957623 38654705683 -6.87164649350042 38654705684 4.8453235732340865 38654705685 4.80744663007552 38654705686 1.2108628738893528 38654705687 -4.658862700028004 55834574872 8.869396890446678 55834574873 2.5155815816086533 55834574874 2.3435775206678566 55834574875 9.608592108501833 55834574876 6.5805048952799385 55834574877 5.431843978374222 55834574878 5.091585553376705 55834574879 3.1938746665706192 55834574880 4.173782151629337 55834574881 5.1977775374838044 55834574882 -5.691240399332206 60129542168 -5.2884956041275295 60129542169 -6.716745827679767 60129542170 1.4353176879236178 60129542171 -9.10608731388327 60129542172 -5.143597677649195 60129542173 8.25804989170466 60129542174 1.5624500607495233 60129542175 4.070792702616127 60129542176 2.9662413308723545 60129542177 -12.52393820757637 60129542178 -6.1190168909496006 64424509464 1.8195486041517865 64424509465 -5.292829329275322 64424509466 2.470483241516307 64424509467 -5.8725406848647586 64424509468 -1.8142336129995449 64424509469 1.163200890685111 64424509470 5.803913027396299 64424509471 0.896954965946378 64424509472 5.093023720375022 64424509473 -8.865165755758404 64424509474 -6.8592622620196355 68719476760 2.274664760231146 68719476761 -1.0521041612480928 68719476762 2.7726309843990506 68719476763 6.695625890987211 68719476764 3.9021289413504157 68719476765 6.4744681686815 68719476766 2.6940605261205404 68719476767 -0.1413714980565357 68719476768 -0.6595233408368346 68719476769 -9.471248051456024 68719476770 -4.236455949220352 73014444056 -0.29156910643908557 73014444057 -0.7001158170988749 73014444058 4.54395657970173 73014444059 -1.293220421587063 73014444060 -0.7884212499606276 73014444061 -7.7845634186554955 73014444062 5.49183290681174 73014444063 2.4361337970802888 73014444064 -2.8587424679258198 73014444065 7.7527737581284635 73014444066 8.171384844448937 77309411352 5.712694578344671 77309411353 -0.9165302758926019 77309411354 5.027865879598961 77309411355 5.513175205641623 77309411356 -1.2779156926828716 77309411357 -7.899284011437116 77309411358 4.780020083794665 77309411359 4.501457633135209 77309411360 0.9812009780661842 77309411361 4.627813987820107 77309411362 5.682077976682315 81604378648 7.857647536393232 81604378649 -2.5628006660003857 81604378650 2.3330944014162656 81604378651 9.600630060942171 81604378652 7.394214790637384 81604378653 -1.2905364167803264 81604378654 -3.203563890681756 81604378655 5.573840044848754 81604378656 0.5190153857332871 81604378657 -6.573836955398828 81604378658 -3.551687448328856 85899345944 -0.5007578069726556 85899345945 1.6919062029188632 85899345946 5.374467178962422 85899345947 -7.151733276769758 85899345948 3.3534467204607554 85899345949 -7.192656880012955 85899345950 4.510461852569683 85899345951 2.05662697233613 85899345952 1.4728918145853016 85899345953 15.40211098350331 85899345954 11.898670990450528 90194313240 0.8296217685182258 90194313241 6.138700685130301 90194313242 5.505327795853496 90194313243 -6.112365886763788 90194313244 5.21681146928113 90194313245 -6.630304524228218 90194313246 0.30600241110809107 90194313247 3.23790964734949 90194313248 3.34538563925871 90194313249 15.548316569643047 90194313250 6.982833207359054 94489280536 1.1651770981291072 94489280537 -3.918776010194701 94489280538 1.7863147636632375 94489280539 -3.517064395506827 94489280540 4.268669984747003 94489280541 4.568448273774704 94489280542 -0.59353705511215 94489280543 0.2432482319040446 94489280544 5.6685014984942494 94489280545 5.035260392442309 94489280546 3.8348705478632827 98784247832 -5.746049269431176 98784247833 -6.145899328129319 98784247834 2.433685140622005 98784247835 -4.920200702569915 98784247836 -10.0555531276976 98784247837 3.496092388148782 98784247838 5.5802427018127565 98784247839 4.003531232723543 98784247840 -1.67518782868425 98784247841 -14.098904453480865 98784247842 -5.278271140706245 103079215139 7.244686466838435 103079215140 -4.384063877065895 103079215141 -2.2611696959791967 103079215142 -1.550157393181061 103079215143 9.672233104542665 103079215144 -1.2008000200034747 103079215145 0.8332292195608001 103079215146 6.363608989141859 103079215147 3.4404024680458116 103079215148 -0.8992273174174853 103079215149 3.5089577210654395 107374182435 4.5671763278315165 107374182436 -5.560729996608612 107374182437 9.303708286301493 107374182438 5.310316059394762 107374182439 -6.455865638062496 107374182440 3.8742381773147687 107374182441 4.264838323914553 107374182442 5.315512703851718 107374182443 1.5798500049626696 107374182444 -5.769000221381782 107374182445 3.491689746304314 111669149731 -1.5092015749871674 111669149732 2.411525949659703 111669149733 -3.4931160615069348 111669149734 2.9028371107485644 111669149735 5.165869429928455 111669149736 -4.550488587885153 111669149737 3.4019351670298517 111669149738 1.349424915300852 111669149739 1.9430815161581239 111669149740 -4.182708430393447 111669149741 3.1653157463263812 115964117027 1.1824874294662187 115964117028 1.6757796380187562 115964117029 -9.082670254748953 115964117030 2.222854467410474 115964117031 9.220035435097103 115964117032 5.169168599802625 115964117033 3.3483921543994892 115964117034 -1.12271367683239 115964117035 6.684062841237383 115964117036 8.813328065414154 115964117037 -1.9819465147252173 120259084323 5.633933097790347 120259084324 -2.640047331341835 120259084325 -7.443939012105815 120259084326 4.973327331076206 120259084327 1.1655527203040879 120259084328 4.107629412702975 120259084329 -0.5342380344341752 120259084330 10.559510792728418 120259084331 0.3848135776938467 120259084332 9.091978941473743 120259084333 3.728760520658394 124554051619 -3.741640763426883 124554051620 0.30217990527103616 124554051621 11.954416827544435 124554051622 1.497112881793529 124554051623 -5.466900978147701 124554051624 6.742811656402866 124554051625 0.05755000799423437 124554051626 -3.242141728657131 124554051627 -5.755943912383579 124554051628 -6.417678243834821 124554051629 1.393516813407901 128849018915 -1.50435502782492 128849018916 2.1429937717625376 128849018917 -0.966507170903511 128849018918 4.435345314052568 128849018919 -3.748192979360169 128849018920 3.65822509667512 128849018921 1.5199216892754288 128849018922 -2.923637919803432 128849018923 -1.9381375836095656 128849018924 0.47595029691714885 128849018925 2.2752002630171675 133143986211 -0.4229864487532612 133143986212 -6.5134581736264785 133143986213 -1.8216926194474736 133143986214 3.5642926708220943 133143986215 -3.7856596170749737 133143986216 -2.5480141712951103 133143986217 4.372466378981701 133143986218 -3.901734315861254 133143986219 -4.826513194909988 133143986220 -2.8546483994329392 133143986221 -0.60067590153465 137438953507 -4.7717566641185005 137438953508 0.5611730562721476 137438953509 5.558629474561259 137438953510 -3.488955963821799 137438953511 -1.2206021835132328 137438953512 1.9651532836264303 137438953513 -1.9407900188587666 137438953514 -1.2715767217827387 137438953515 -3.149229360866305 137438953516 2.242573336584663 137438953517 5.831832463177171 141733920803 14.949833811994806 141733920804 -4.0314531347603015 141733920805 -16.106372447040915 141733920806 0.4029764269640794 141733920807 16.40625532949903 141733920808 -6.569925305422523 141733920809 2.2769148811012156 141733920810 7.80992623571426 141733920811 18.149619910853858 141733920812 19.3142458744281 141733920813 1.4020007842729927 146028888099 10.416218085616126 146028888100 -5.418545900569658 146028888101 11.768326102444544 146028888102 -1.3601775593423122 146028888103 -10.138237591922655 146028888104 -1.9696000627526722 146028888105 0.3914804368651228 146028888106 0.6667555127676241 146028888107 0.7038666386992709 146028888108 -7.889589112412447 146028888109 1.2553032468514675 150323855406 3.4563463583502267 150323855407 3.80787962974884 150323855408 -2.5621949819934273 150323855409 1.4719499643529952 150323855410 1.4422043289813775 150323855411 -9.49923898168642 150323855412 0.6597301317956988 150323855413 11.522162020718744 150323855414 18.119204826745392 150323855415 -7.558179469909203 150323855416 6.371728570641838 154618822702 -5.038284517120297 154618822703 3.5061705616524383 154618822704 6.0572502109323345 154618822705 0.5426682895160705 154618822706 3.783072028889721 154618822707 -3.531344825748461 154618822708 0.6995946097222343 154618822709 4.108335086451947 154618822710 -2.540775957972875 154618822711 -3.6258397207853035 154618822712 3.721972470513404 158913789998 7.6242213086718635 158913789999 -3.7456112541703757 158913790000 -5.3235949715423585 158913790001 -3.362898154884026 158913790002 3.9827952928584156 158913790003 -9.752306598160809 158913790004 15.245113594139129 158913790005 4.765435449715577 158913790006 9.2115661855376 158913790007 12.502037868834458 158913790008 16.23351856780904 163208757294 4.119128069508405 163208757295 -2.490141346846489 163208757296 -6.513083732534848 163208757297 -1.3831940020714681 163208757298 4.234919443236405 163208757299 0.7163099997679113 163208757300 -2.3543154708738765 163208757301 -3.6152810966177777 163208757302 -4.188483821512144 163208757303 4.0602863140629175 163208757304 -0.7696358044654069 167503724590 -4.895873451900363 167503724591 0.887845341598358 167503724592 6.984073466846917 167503724593 10.829078421487274 167503724594 4.369628205822893 167503724595 6.186441641848906 167503724596 -3.509091057984651 167503724597 -0.23172957135725267 167503724598 -7.462425897169253 167503724599 -10.952829816966835 167503724600 -5.5872626664053335 171798691886 3.9989995057448118 171798691887 -9.287828269790511 171798691888 -2.0630065688449637 171798691889 1.4994274578834454 171798691890 -2.274098240745859 171798691891 0.21145822805164957 171798691892 -0.24821273769565141 171798691893 1.422616849846603 171798691894 0.1396457207558706 171798691895 -2.6254373430920497 171798691896 5.4241567475827255 176093659182 2.2251957949014227 176093659183 -3.117581520530384 176093659184 -1.3642799300285235 176093659185 2.42460772041494 176093659186 0.576812100745887 176093659187 2.399001286181757 176093659188 2.811079031137741 176093659189 -3.33221510140583 176093659190 -0.2690437567894245 176093659191 0.9238658709096615 176093659192 5.0660322065961285 180388626478 0.40523896866230297 180388626479 9.685162936560369 180388626480 -6.309624757661528 180388626481 -4.0995157139710034 180388626482 2.627319827390673 180388626483 -2.655809146554348 180388626484 -3.7775631157550746 180388626485 9.213293361894863 180388626486 -2.8606328126425726 180388626487 -2.2555896601735506 180388626488 2.8694193468654303 184683593774 1.090614899646571 184683593775 13.384536414596099 184683593776 5.012262248389276 184683593777 10.102782533524985 184683593778 -2.9859890966318487 184683593779 1.2327405368823001 184683593780 -6.545839006555772 184683593781 1.8327506479698836 184683593782 5.644671898212305 184683593783 -6.332035325524224 184683593784 -1.8546827028714257 188978561070 -3.247801855698278 188978561071 21.673982860912318 188978561072 -5.470972010565334 188978561073 6.809491780664833 188978561074 -1.0229949162813021 188978561075 -5.025470313942047 188978561076 -8.643966658515794 188978561077 -0.050045130422288316 188978561078 -4.877350536027348 188978561079 -5.998824351735935 188978561080 -0.4769235025757563 193273528366 5.982955195068894 193273528367 -0.855741409460937 193273528368 1.403814401237456 193273528369 -1.899872590242592 193273528370 5.849355212339083 193273528371 -1.8544207538206805 193273528372 4.912361386860112 193273528373 -2.56453643387452 193273528374 3.54341576732709 193273528375 0.9372413327294251 193273528376 2.2940832478675417 197568495673 2.770665189405628 197568495674 1.5128017702731924 197568495675 1.3766187726716483 197568495676 5.809238059739942 197568495677 4.949737238567332 197568495678 3.5594979479337114 197568495679 -2.9866825576842153 197568495680 5.070501669975942 197568495681 4.012199441861434 197568495682 2.9940938929850778 197568495683 0.3439898001273624 201863462969 11.180053938960606 201863462970 4.761360462567374 201863462971 4.519537761831455 201863462972 3.2205281163676336 201863462973 4.888691810345844 201863462974 3.8965479543825743 201863462975 -1.501230322149092 201863462976 3.8464370865595012 201863462977 4.838653958727087 201863462978 -0.8496273680870731 201863462979 4.970110652086399 206158430265 -2.385657749962189 206158430266 -2.5305630857960217 206158430267 5.33812982281206 206158430268 -2.51449383037159 206158430269 1.6925174327095267 206158430270 -1.1138523977750174 206158430271 0.6838969752993 206158430272 -2.357157213794597 206158430273 4.432318219144775 206158430274 2.6451524387439216 206158430275 3.314812087864893 210453397561 5.287995288148787 210453397562 -2.0657950726093244 210453397563 -2.5352899841215666 210453397564 2.0062792169110453 210453397565 -2.7280980966928823 210453397566 -0.7618987486815075 210453397567 1.4467618367545354 210453397568 4.203434455982156 210453397569 2.3458416470610173 210453397570 -1.7051917699965584 210453397571 4.315364697352542 214748364857 -1.3862192812080287 214748364858 3.4136290627356685 214748364859 -0.24596849769883963 214748364860 4.380319226661626 214748364861 -1.5876807182646042 214748364862 2.5688404485931042 214748364863 0.33708795122113705 214748364864 5.838571667867368 214748364865 5.9927195463453415 214748364866 6.959304766102235 214748364867 3.483439635036929 219043332153 -1.04484369809283 219043332154 4.266181698315395 219043332155 5.8160315351685 219043332156 -2.697841582303136 219043332157 0.5685307472051785 219043332158 0.8303247481127406 219043332159 0.3361457727984596 219043332160 0.2216861880239445 219043332161 1.1293581102620631 219043332162 -3.6530394108779363 219043332163 0.04175498458765555 223338299449 0.47871838252572196 223338299450 4.061410974143621 223338299451 1.9705930159135296 223338299452 -1.7324835802647502 223338299453 3.023937546346123 223338299454 -1.1869095938899485 223338299455 3.82530750809719 223338299456 5.63126167226772 223338299457 5.545511455857433 223338299458 1.6197449008732105 223338299459 0.4953052184144655 227633266745 2.4810619884761573 227633266746 -0.28597557324875783 227633266747 1.853528057291119 227633266748 1.20360475082149 227633266749 0.9094217816439779 227633266750 0.2376948049894247 227633266751 -0.7893581458106271 227633266752 4.157718008620779 227633266753 0.20828647828680033 227633266754 1.7918731534682322 227633266755 2.4160361562070145 231928234041 -0.8139266512711866 231928234042 -1.2172240328077133 231928234043 0.21192289855124363 231928234044 1.460198160079807 231928234045 1.22387115179125 231928234046 -2.7393543208076423 231928234047 -1.2356779012206065 231928234048 4.338495301411005 231928234049 -2.9958046529720903 231928234050 5.247007405721034 231928234051 3.633476548598924 236223201337 -4.9903920734525276 236223201338 2.9077937897433817 236223201339 2.105948126557228 236223201340 5.033163667816308 236223201341 3.6433109451963785 236223201342 3.5631359981868305 236223201343 0.41063988321543443 236223201344 3.037278515912514 236223201345 2.2327491074551564 236223201346 -0.44221554498395677 236223201347 0.6442704345478942 240518168633 3.671776327639455 240518168634 3.6199000597398543 240518168635 3.862484674149136 240518168636 -2.38472541767621 240518168637 3.6350113646379456 240518168638 2.739769083729643 240518168639 -0.04289426034567728 240518168640 -1.8595983990192444 240518168641 4.383396045257814 240518168642 4.2675256890822455 240518168643 0.6263246232475066 244813135882 -3.1419035755576545 244813135883 -4.009253410300626 244813135884 -4.58932736879176 249108103178 -5.075991391225942 249108103179 -2.7942220182934996 249108103180 0.20913982373788112 253403070474 2.885096912545937 253403070475 0.6222291483144016 253403070476 1.4161802019369 257698037770 -3.482546024218874 257698037771 3.452227669243012 257698037772 -3.1850077365012237 261993005066 0.6376214642016766 261993005067 1.037518413467054 261993005068 1.7827325739539417 266287972362 3.146779334086799 266287972363 -3.0887548893607932 266287972364 3.9324836356376385 270582939658 0.2117685141345356 270582939659 -0.34440487549257404 270582939660 0.5491648818869074 274877906954 3.4138934869352044 274877906955 1.4110453963001206 274877906956 5.299317266475297 279172874250 -0.21282684002745814 279172874251 -0.30210775811546614 279172874252 -2.9484300511492942 283467841546 -3.906855319967212 283467841547 1.3007588143695104 283467841548 -4.363553231612737 287762808842 4.372993867889788 287762808843 1.5800694941783768 287762808844 0.24833120627695512 
End of save