9 5 3 
1 2 3 4 5 6 7 8 9 
11
13 14 15 16 17 18 19 20 21 22 23 
11
24 25 26 27 28 29 30 31 32 33 34 
11
35 36 37 38 39 40 41 42 43 44 45 
11
46 47 48 49 50 51 52 53 54 55 56 
11
57 58 59 60 61 62 63 64 65 66 67 
10 11 12 
616
4294967309 -1.0968935789021996 4294967310 3.7803630614427766 4294967311 4.099546411396679 4294967312 -2.4130433625064414 4294967313 4.332107889194782 4294967314 3.489981394941614 4294967315 -0.6541712598988878 4294967316 6.260348762808557 4294967317 6.078081315241982 4294967318 2.037903206072679 4294967319 -0.11864500209505333 8589934605 -2.28059964390468 8589934606 1.9596125667413586 8589934607 2.1170514245146475 8589934608 0.39331585870194946 8589934609 4.902993848058936 8589934610 3.8681352935855946 8589934611 -1.2350397086648446 8589934612 7.554024730058378 8589934613 7.329568798453476 8589934614 1.8684287125976526 8589934615 0.9433456286563375 12884901901 -3.2637806794332884 12884901902 -3.1498438702739033 12884901903 -5.777723460476772 12884901904 2.394992263919132 12884901905 2.760990351872278 12884901906 2.9233537539744265 12884901907 -0.45685923137576956 12884901908 4.263403034620319 12884901909 4.214503847775333 12884901910 1.0312256824820318 12884901911 1.582712937194144 17179869197 8.736774365738064 17179869198 5.020854524211539 17179869199 5.695777598702301 17179869200 3.270135536636492 17179869201 3.4601522559668414 17179869202 3.945245703256635 17179869203 9.021204977712369 17179869204 5.20285778075932 17179869205 5.021985131150091 17179869206 1.123983437414903 17179869207 4.577602592505312 21474836493 7.957115059273439 21474836494 2.395122684317345 21474836495 3.7389231127576306 21474836496 5.427556294776133 21474836497 4.0141534498080595 21474836498 4.359518042335338 21474836499 8.222877884727218 21474836500 6.452105993567889 21474836501 6.22512484815643 21474836502 0.9636459153784603 21474836503 5.116581513438595 25769803789 6.611657427368813 25769803790 -3.487345575340479 25769803791 -5.087835920413434 25769803792 7.3355426326978685 25769803793 2.0705429939530884 25769803794 3.495751442654682 25769803795 8.544463740393473 25769803796 3.4675273960442627 25769803797 3.4016958955360157 25769803798 0.3115155679568278 25769803799 3.7250117612897884 30064771085 -2.2188248724458286 30064771086 3.1428046903822087 30064771087 4.032695036485461 30064771088 -7.931233988760049 30064771089 5.029243325324271 30064771090 3.3714209284833356 30064771091 -6.784028202003159 30064771092 6.9940279800918566 30064771093 6.832382947073232 30064771094 2.2123032065253114 30064771095 -4.414727400862642 34359738381 -2.4851724297665156 34359738382 -3.7129367812016496 34359738383 -0.43459546484292616 34359738384 -7.241933671297647 34359738385 5.800243866346949 34359738386 4.021763040399778 34359738387 -8.752810616118664 34359738388 8.501060924056551 34359738389 8.324262284210008 34359738390 2.3719723556644485 34359738391 -7.373304388304592 38654705677 -3.755722602351733 38654705678 -5.326662410885708 38654705679 -6.465819643049544 38654705680 -3.220312756865523 38654705681 3.3357437019939873 38654705682 2.965328105977949 38654705683 -6.871754172280778 38654705684 4.845323496985456 38654705685 4.807446559159297 38654705686 1.2108628409940452 38654705687 -4.658559986354504 55834574872 8.869396889009398 55834574873 2.5154136218129852 55834574874 2.3435775206678566 55834574875 9.608484281109993 55834574876 6.580504936171651 55834574877 5.4318498079773905 55834574878 5.091585553376704 55834574879 3.1938746665708178 55834574880 4.173782150614003 55834574881 5.197772514687938 55834574882 -5.691240618009417 60129542168 -5.2884956033130495 60129542169 -6.716759261140745 60129542170 1.4353176879236178 60129542171 -9.106100894765971 60129542172 -5.143597635830349 60129542173 8.258055738014658 60129542174 1.562450060749665 60129542175 4.070792702616102 60129542176 2.9662413314574363 60129542177 -12.523943233562727 60129542178 -6.11901710969486 64424509464 1.8195486044889577 64424509465 -5.292846039051839 64424509466 2.470483241516307 64424509467 -5.872559102548243 64424509468 -1.8142335705518504 64424509469 1.1632067411462936 64424509470 5.803913027396298 64424509471 0.8969549659447655 64424509472 5.093023720957072 64424509473 -8.865170783231878 64424509474 -6.85926248086106 68719476760 2.274664759830747 68719476761 -1.0522002804665245 68719476762 2.7726309843990506 68719476763 6.69558026658818 68719476764 3.902128981248525 68719476765 6.474473987221918 68719476766 2.694060526120551 68719476767 -0.14137149805873842 68719476768 -0.6595233413844396 68719476769 -9.471253069830176 68719476770 -4.236456167483207 73014444056 -0.2915691053917021 73014444057 -0.7002864184928975 73014444058 4.54395657970173 73014444059 -1.2933300263934926 73014444060 -0.7884212070429623 73014444061 -7.784557539992873 73014444062 5.4918329068117195 73014444063 2.436133797080767 73014444064 -2.8587424690161427 73014444065 7.75276871628489 73014444066 8.17138462441333 77309411352 5.712694579450084 77309411353 -0.9167008805059329 77309411354 5.027865879598961 77309411355 5.5130655971102875 77309411356 -1.2779156498935573 77309411357 -7.899278139679778 77309411358 4.7800200837946445 77309411359 4.501457633135725 77309411360 0.9812009769725807 77309411361 4.627808948657767 77309411362 5.682077756821796 81604378648 7.857647535269814 81604378649 -2.5629021253915494 81604378650 2.3330944014162656 81604378651 9.600568542464345 81604378652 7.394214830504012 81604378653 -1.2905306027088013 81604378654 -3.2035638906817456 81604378655 5.57384004484873 81604378656 0.5190153853416747 81604378657 -6.57384197307803 81604378658 -3.551687666657879 85899345944 -0.5007578059369725 85899345945 1.6917356096001974 85899345946 5.374467178962422 85899345947 -7.151842837699081 85899345948 3.3534467636601826 85899345949 -7.19265098060202 85899345950 4.510461852569662 85899345951 2.0566269723366024 85899345952 1.4728918135006184 85899345953 15.40210593345809 85899345954 11.898670769697597 90194313240 0.8296217695551389 90194313241 6.138530091535063 90194313242 5.505327795853496 90194313243 -6.112475449336248 90194313244 5.21681151236633 90194313245 -6.630298626291458 90194313246 0.3060024111089251 90194313247 3.2379096473499627 90194313248 3.345385638175081 90194313249 15.548311520196084 90194313250 6.982832986645858 94489280536 1.1651770991852723 94489280537 -3.918946660201932 94489280538 1.7863147636632375 94489280539 -3.5171743386658396 94489280540 4.268670027006132 94489280541 4.568454125634665 94489280542 -0.5935370551116609 94489280543 0.24324823190281614 94489280544 5.668501497401342 94489280545 5.035255361092589 94489280546 3.834870328719933 98784247832 -5.746049268855342 98784247833 -6.145963098295843 98784247834 2.433685140622005 98784247835 -4.92023842290536 98784247836 -10.055553087476882 98784247837 3.4960982109725487 98784247838 5.580242701812756 98784247839 4.003531232723519 98784247840 -1.6751878287417186 98784247841 -14.098909474004511 98784247842 -5.278271359113085 103079215139 7.244686466838435 103079215140 -4.384063876835545 103079215141 -2.2611693763289358 103079215142 -1.5501575770970657 103079215143 9.672232829007537 103079215144 -1.2010613798818528 103079215145 0.8332292038464915 103079215146 6.363608989046402 103079215147 3.4404025491164836 103079215148 -0.8992273266806877 103079215149 3.5089577210432625 107374182435 4.5671763278315165 107374182436 -5.560729996601819 107374182437 9.303708147125041 107374182438 5.310316067026883 107374182439 -6.455865647206894 107374182440 3.874163584556626 107374182441 4.264838322638606 107374182442 5.315512703851718 107374182443 1.579850004943839 107374182444 -5.7690002138642535 107374182445 3.491689746304314 111669149731 -1.5092015749871681 111669149732 2.411525949778501 111669149733 -3.493115742471445 111669149734 2.902836925901562 111669149735 5.1658691548076865 111669149736 -4.550749946166493 111669149737 3.4019351513538822 111669149738 1.3494249151404127 111669149739 1.943081597238898 111669149740 -4.182708439642499 111669149741 3.1653157463041155 115964117027 1.1824874294662187 115964117028 1.6757796383181554 115964117029 -9.082670266709803 115964117030 2.2228544818790157 115964117031 9.220035434350782 115964117032 5.168928831583145 115964117033 3.348392155348912 115964117034 -1.1227136768195758 115964117035 6.684062843977481 115964117036 8.81332806523993 115964117037 -1.9819465147522377 120259084323 5.633933097790347 120259084324 -2.6400473312263935 120259084325 -7.443938692720654 120259084326 4.973327149391314 120259084327 1.165552444948299 120259084328 4.107368032372562 120259084329 -0.5342380502090578 120259084330 10.55951079269631 120259084331 0.3848136585494129 120259084332 9.091978932244015 120259084333 3.728760520636339 124554051619 -3.741640763426883 124554051620 0.30217990525167016 124554051621 11.954416979425092 124554051622 1.4971128808594227 124554051623 -5.466901049430923 124554051624 6.742814052610375 124554051625 0.05755000779257305 124554051626 -3.2421417286549348 124554051627 -5.755943887681251 124554051628 -6.417678248940836 124554051629 1.393516813407901 128849018915 -1.5043550278249207 128849018916 2.1429937718813354 128849018917 -0.9665068518793379 128849018918 4.435345129204853 128849018919 -3.748193254466181 128849018920 3.6579637383941552 128849018921 1.519921673601488 128849018922 -2.9236379199499694 128849018923 -1.9381375025287986 128849018924 0.4759502876776511 128849018925 2.2752002629949017 133143986211 -0.42298644875326186 133143986212 -6.513458173394565 133143986213 -1.821692300419351 133143986214 3.5642924859750904 133143986215 -3.785659892180903 133143986216 -2.5482755295772033 133143986217 4.372466363305791 133143986218 -3.9017343160077913 133143986219 -4.826513113817392 133143986220 -2.854648408677744 133143986221 -0.6006759015713997 137438953507 -4.7717566641185005 137438953508 0.5611730563469168 137438953509 5.558629793572571 137438953510 -3.48895614867162 137438953511 -1.2206024585936526 137438953512 1.9648919256512967 137438953513 -1.9407900345319347 137438953514 -1.271576721943179 137438953515 -3.1492292797859944 137438953516 2.2425733273408737 137438953517 5.83183246316517 141733920803 14.949833811994806 141733920804 -4.031453134514256 141733920805 -16.106372249213102 141733920806 0.4029762418958981 141733920807 16.406255111053458 141733920808 -6.5701885362304395 141733920809 2.2769148658865204 141733920810 7.809926235565764 141733920811 18.149619972189218 141733920812 19.3142458692885 141733920813 1.402000784243778 146028888099 10.416218085616126 146028888100 -5.4185459003329255 146028888101 11.768326383972921 146028888102 -1.3601777444999106 146028888103 -10.138237849342781 146028888104 -1.9698620094005457 146028888105 0.3914804214139243 146028888106 0.6667555126003478 146028888107 0.7038667136758235 146028888108 -7.889589120407401 146028888109 1.2553032468222336 150323855406 3.4568309103562735 150323855407 3.80787962974884 150323855408 -2.562331920837859 150323855409 1.4719499643277305 150323855410 1.4422046190660278 150323855411 -9.499196887150857 150323855412 0.659730090135715 150323855413 11.52216360820354 150323855414 18.119252954004487 150323855415 -7.558179469909203 150323855416 6.371549157666398 154618822702 -5.038284517122479 154618822703 3.5061705616524383 154618822704 6.057250210935103 154618822705 0.5426682895160705 154618822706 3.783072028889721 154618822707 -3.5313448257444326 154618822708 0.6995946097222343 154618822709 4.108335086451947 154618822710 -2.540775958002929 154618822711 -3.6258397207853035 154618822712 3.7219724705146247 158913789998 7.6242213004961075 158913789999 -3.7456112541703757 158913790000 -5.3235949962090885 158913790001 -3.362898154884026 158913790002 3.982795292879878 158913790003 -9.752306608418312 158913790004 15.245113594156084 158913790005 4.765435449513439 158913790006 9.211566166292549 158913790007 12.502037868834458 158913790008 16.233518556662144 163208757294 4.119612569775693 163208757295 -2.490141346846489 163208757296 -6.513220657917612 163208757297 -1.3831940020967268 163208757298 4.2349197333491055 163208757299 0.7163521116815924 163208757300 -2.3543155124848294 163208757301 -3.6152795095250356 163208757302 -4.188435810217822 163208757303 4.0602863140629175 163208757304 -0.7698152040281313 167503724590 -4.895388901800263 167503724591 0.887845341598358 167503724592 6.9839365397377335 167503724593 10.829078421499386 167503724594 4.369628495901024 167503724595 6.186483742359092 167503724596 -3.509091099642771 167503724597 -0.23172798383820997 167503724598 -7.462377774718105 167503724599 -10.952829816966835 167503724600 -5.587442074044268 171798691886 3.9989301675967672 171798691887 -9.287828269790511 171798691888 -2.0629583140727776 171798691889 1.499427457892163 171798691890 -2.274098066332374 171798691891 0.21155828926032572 171798691892 -0.24821255909223452 171798691893 1.42261597101357 171798691894 0.13920672700933315 171798691895 -2.6254373430920497 171798691896 5.424174593859895 176093659182 2.2256803104689804 176093659183 -3.117581520530384 176093659184 -1.3644168566691621 176093659185 2.424607720424199 176093659186 0.5768123908488019 176093659187 2.399043394239058 176093659188 2.811078989512457 176093659189 -3.332213514188028 176093659190 -0.268995712157975 176093659191 0.9238658709100458 176093659192 5.0658528040395705 180388626478 0.40572352077124985 180388626479 9.685162936560369 180388626480 -6.309761696641706 180388626481 -4.099515713921294 180388626482 2.627320117475553 180388626483 -2.6557670521021906 180388626484 -3.7775631574155484 180388626485 9.21329494937998 180388626486 -2.8605846851486305 180388626487 -2.2555896601735506 180388626488 2.8692399337998378 184683593774 1.0910994426652862 184683593775 13.384536414596099 184683593776 5.012125320893582 184683593777 10.102782533537104 184683593778 -2.9859888065483298 184683593779 1.2327826384890286 184683593780 -6.5458390482065365 184683593781 1.8327522354175538 184683593782 5.644720002793572 184683593783 -6.332035325524224 184683593784 -1.8548621113495225 188978561070 -3.2473173070827483 188978561071 21.673982860912318 188978561072 -5.471108944193236 188978561073 6.809491780714541 188978561074 -1.0229946261979088 188978561075 -5.0254282162921875 188978561076 -8.643966700172749 188978561077 -0.05004354294877304 188978561078 -4.877302417365612 188978561079 -5.998824351735935 188978561080 -0.47710291345632344 193273528366 5.98343974708065 193273528367 -0.855741409460937 193273528368 1.4036774623940165 193273528369 -1.8998725902678566 193273528370 5.849355502424151 193273528371 -1.8543786592832003 193273528372 4.91236134519945 193273528373 -2.5645348463920516 193273528374 3.543463894593229 193273528375 0.9372413327298095 193273528376 2.2939038348920224 197568495673 2.770665198860455 197568495674 1.5190469486061136 197568495675 1.3887752579996193 197568495676 5.809254421987626 197568495677 4.951057441143512 197568495678 3.567187676863674 197568495679 -2.981828639335647 197568495680 5.07050167079761 197568495681 4.012200201285938 197568495682 2.9940947275930876 197568495683 0.34399007392003733 201863462969 11.180053948435056 201863462970 4.767606824956685 201863462971 4.531688815837298 201863462972 3.2205444975830964 201863462973 4.890011129899109 201863462974 3.90422819573738 201863462975 -1.4965439501451585 201863462976 3.8464370873803517 201863462977 4.838654719143329 201863462978 -0.8496265320356218 201863462979 4.970110925861916 206158430265 -2.3856577500363967 206158430266 -2.530560764918845 206158430267 5.33812440027631 206158430268 -2.514493812203881 206158430269 1.6925166226032629 206158430270 -1.113860890272856 206158430271 0.6837458304544077 206158430272 -2.357157213794597 206158430273 4.4323182201038 206158430274 2.645152440151443 206158430275 3.3148120878220007 210453397561 5.287995297622697 210453397562 -2.0595487102210317 210453397563 -2.5231389301154 210453397564 2.0062955981264996 210453397565 -2.7267787771412 210453397566 -0.7542185073262715 210453397567 1.4514482087823268 210453397568 4.20343445680208 210453397569 2.345842407477489 210453397570 -1.7051909339448703 210453397571 4.315364971128056 214748364857 -1.38621927173335 214748364858 3.419875444644335 214748364859 -0.23381749759867546 214748364860 4.380335607946439 214748364861 -1.5863614048528532 214748364862 2.576520639459422 214748364863 0.3417736374967815 214748364864 5.838571668687274 214748364865 5.992720306765492 214748364866 6.959305602160392 214748364867 3.4834399088097276 219043332153 -1.0448436981207374 219043332154 4.266182460714346 219043332155 5.8160357025498906 219043332156 -2.697841582111385 219043332157 0.5685312327367317 219043332158 0.8303282749358165 219043332159 0.3361764855447756 219043332160 0.22168618802976833 219043332161 1.1293581102476795 219043332162 -3.653039410975407 219043332163 0.04175498466853212 223338299449 0.47871838252572196 223338299450 4.06141097475472 223338299451 1.9705930161835201 223338299452 -1.73248358029928 223338299453 3.0239375463599276 223338299454 -1.1869095940711425 223338299455 3.8253074971531777 223338299456 5.63126167226772 223338299457 5.545511455857433 223338299458 1.6197449008732105 223338299459 0.4953052184144655 227633266745 2.4810619979515365 227633266746 -0.2797292543357321 227633266747 1.8656791879298764 227633266748 1.2036211317616765 227633266749 0.910741112455338 227633266750 0.24537516558916708 227633266751 -0.7846695923752877 227633266752 4.157718009440795 227633266753 0.20828723868947424 227633266754 1.7918739894980826 227633266755 2.41603642998181 231928234041 -0.8139266418077475 231928234042 -1.2109816008608572 231928234043 0.22407099310140466 231928234044 1.4602145286074666 231928234045 1.2251901904115032 231928234046 -2.731674646783063 231928234047 -1.2309477779270352 231928234048 4.33849530223038 231928234049 -2.995803893178674 231928234050 5.247008240951365 231928234051 3.6334768222879577 236223201337 -4.9903920734525276 236223201338 2.9077937897433817 236223201339 2.105948126557228 236223201340 5.033163667816308 236223201341 3.6433109451963785 236223201342 3.5631359981868305 236223201343 0.4106398832165047 236223201344 3.037278515912514 236223201345 2.2327491074551564 236223201346 -0.44221554498395677 236223201347 0.6442704345478942 240518168633 3.671776337037268 240518168634 3.626144162482511 240518168635 3.874655575565646 240518168636 -2.384709110461716 240518168637 3.636334096542987 240518168638 2.7474868484740096 240518168639 -0.037541531224066726 240518168640 -1.8595983981916717 240518168641 4.383396801815393 240518168642 4.267526519586017 240518168643 0.6263248970292524 244813135882 -3.1418686723176674 244813135883 -4.0091916440067505 244813135884 -4.589338620741006 249108103178 -5.075956576373346 249108103179 -2.7941427488857316 249108103180 0.20915627127597294 253403070474 2.885097763189294 253403070475 0.6222475326220758 253403070476 1.4162542938090017 257698037770 -3.482511118173873 257698037771 3.4522894367131194 257698037772 -3.1850189972579575 261993005066 0.6376557021551318 261993005067 1.037581082458904 261993005068 1.7827312109010822 266287972362 3.146785547535705 266287972363 -3.0887202856792464 266287972364 3.9325079653113626 270582939658 0.1688060213401693 270582939659 -0.3965810628975223 270582939660 0.5223429512248124 274877906954 3.413928390175799 274877906955 1.4111071625837956 274877906956 5.2993060144576845 279172874250 -0.2127919370874218 279172874251 -0.30204599123778325 279172874252 -2.9484412982241874 283467841546 -3.9068204169389698 283467841547 1.3008205815051637 283467841548 -4.363564477698662 287762808842 4.373028771119292 287762808843 1.5801312604679136 287762808844 0.2483199543487939 
End of save